 Ac=   4.003 Af=  3.016
 Zc=  2 Zf=  1
 deuxm=  8.22932852D-02 MeV^-1fm^-2 or 1/deuxm=  12.1516597D+00 MeV fm^2
 l=  1 J=  1 NR=  1
 E=  -3.15771 MeV; K^2=  -0.25986 fm^-2
 ANC=   4.66622 fm^-1/2
