 Ac=   4.003 Af=  3.016
 Zc=  2 Zf=  1
 deuxm=  8.22932852D-02 MeV^-1fm^-2 or 1/deuxm=  12.1516597D+00 MeV fm^2
 l=  1 J=  1 NR=  1
 E=  -1.69456 MeV; K^2=  -0.13945 fm^-2
 ANC=   2.69858 fm^-1/2
