 Ac=   4.003 Af=  3.016
 Zc=  2 Zf=  1
 deuxm=  8.22932852D-02 MeV^-1fm^-2 or 1/deuxm=  12.1516597D+00 MeV fm^2
 l=  1 J=  1 NR=  1
 E=  -1.19396 MeV; K^2=  -0.09825 fm^-2
 ANC=   2.09329 fm^-1/2
