 Ac=   4.003 Af=  3.016
 Zc=  2 Zf=  1
 deuxm=  8.22932852D-02 MeV^-1fm^-2 or 1/deuxm=  12.1516597D+00 MeV fm^2
 l=  1 J=  3 NR=  1
 E=  -1.44621 MeV; K^2=  -0.11901 fm^-2
 ANC=   2.39967 fm^-1/2
